700.0000	111.347
699.0000	111.299
698.0000	111.25
697.0000	111.212
696.0000	111.185
695.0000	111.155
694.0000	111.186
693.0000	111.161
692.0000	111.175
691.0000	111.172
690.0000	111.1
689.0000	111.033
688.0000	110.997
687.0000	110.989
686.0000	110.996
685.0000	111.134
684.0000	111.273
683.0000	111.339
682.0000	111.399
681.0000	111.51
680.0000	111.766
679.0000	111.901
678.0000	111.862
677.0000	111.806
676.0000	111.754
675.0000	111.814
674.0000	111.831
673.0000	111.832
672.0000	111.729
671.0000	111.674
670.0000	111.568
669.0000	111.572
668.0000	111.506
667.0000	111.487
666.0000	111.396
665.0000	111.339
664.0000	111.299
663.0000	111.234
662.0000	111.161
661.0000	111.063
660.0000	111.032
659.0000	110.943
658.0000	110.907
657.0000	110.859
656.0000	110.761
655.0000	110.55
654.0000	110.319
653.0000	110.235
652.0000	110.142
651.0000	110.043
650.0000	109.901
649.0000	109.668
648.0000	109.461
647.0000	109.217
646.0000	108.991
645.0000	108.721
644.0000	108.431
643.0000	108.143
642.0000	107.836
641.0000	107.541
640.0000	107.114
639.0000	106.713
638.0000	106.188
637.0000	105.642
636.0000	104.984
635.0000	104.27
634.0000	103.544
633.0000	102.772
632.0000	101.988
631.0000	101.073
630.0000	100.098
629.0000	99.1058
628.0000	98.0171
627.0000	96.8076
626.0000	95.4458
625.0000	93.9867
624.0000	92.4747
623.0000	90.8597
622.0000	89.1437
621.0000	87.3212
620.0000	85.6501
619.0000	83.633
618.0000	81.515
617.0000	79.3244
616.0000	77.0871
615.0000	74.8212
614.0000	72.4852
613.0000	70.1476
612.0000	67.7492
611.0000	65.3661
610.0000	62.9543
609.0000	60.6226
608.0000	58.3123
607.0000	56.036
606.0000	53.8182
605.0000	51.7194
604.0000	49.6855
603.0000	47.781
602.0000	46.0223
601.0000	44.3737
600.0000	42.8924
599.0000	41.5481
598.0000	40.3319
597.0000	39.2867
596.0000	38.363
595.0000	37.6225
594.0000	36.9734
593.0000	36.454
592.0000	36.0307
591.0000	35.7468
590.0000	35.5695
589.0000	35.5012
588.0000	35.5481
587.0000	35.6872
586.0000	35.8809
585.0000	36.1388
584.0000	36.4917
583.0000	36.857
582.0000	37.2523
581.0000	37.6984
580.0000	38.1504
579.0000	38.6074
578.0000	39.0125
577.0000	39.4334
576.0000	39.8448
575.0000	40.2622
574.0000	40.6707
573.0000	41.0304
572.0000	41.3461
571.0000	41.6855
570.0000	42.0234
569.0000	42.335
568.0000	42.5932
567.0000	42.8495
566.0000	43.0941
565.0000	43.3687
564.0000	43.6171
563.0000	43.8656
562.0000	44.0915
561.0000	44.3724
560.0000	44.6622
559.0000	44.9589
558.0000	45.2692
557.0000	45.6012
556.0000	45.91
555.0000	46.2083
554.0000	46.5513
553.0000	46.9283
552.0000	47.3296
551.0000	47.7034
550.0000	48.1178
549.0000	48.5744
548.0000	49.065
547.0000	49.6109
546.0000	50.1749
545.0000	50.7743
544.0000	51.4266
543.0000	52.1504
542.0000	52.9403
541.0000	53.7959
540.0000	54.6125
539.0000	55.4824
538.0000	56.4299
537.0000	57.4289
536.0000	58.4787
535.0000	59.5958
534.0000	60.7754
533.0000	61.9934
532.0000	63.2268
531.0000	64.4735
530.0000	65.7538
529.0000	67.0198
528.0000	68.2978
527.0000	69.6004
526.0000	70.9426
525.0000	72.2777
524.0000	73.6261
523.0000	74.95
522.0000	76.3018
521.0000	77.6249
520.0000	78.923
519.0000	80.1684
518.0000	81.3287
517.0000	82.4492
516.0000	83.5067
515.0000	84.6043
514.0000	85.696
513.0000	86.7918
512.0000	87.8013
511.0000	88.7759
510.0000	89.5623
509.0000	90.4816
508.0000	91.4319
507.0000	92.354
506.0000	93.223
505.0000	94.0574
504.0000	94.7911
503.0000	95.4984
502.0000	96.136
501.0000	96.8102
500.0000	97.4584
499.0000	98.0557
498.0000	98.595
497.0000	99.2065
496.0000	99.7109
495.0000	100.332
494.0000	100.931
493.0000	101.539
492.0000	102.088
491.0000	102.634
490.0000	103.062
489.0000	103.569
488.0000	104.03
487.0000	104.405
486.0000	104.71
485.0000	105.008
484.0000	105.344
483.0000	105.699
482.0000	106.071
481.0000	106.269
480.0000	106.513
479.0000	106.785
478.0000	107.137
477.0000	107.449
476.0000	107.669
475.0000	107.788
474.0000	108.019
473.0000	108.273
472.0000	108.543
471.0000	108.696
470.0000	108.795
469.0000	108.87
468.0000	108.993
467.0000	109.149
466.0000	109.296
465.0000	109.436
464.0000	109.616
463.0000	109.781
462.0000	109.86
461.0000	109.951
460.0000	110.003
459.0000	110.135
458.0000	110.196
457.0000	110.364
456.0000	110.425
455.0000	110.58
454.0000	110.686
453.0000	110.685
452.0000	110.643
451.0000	110.653
450.0000	110.912
449.0000	111.015
448.0000	111.045
447.0000	111.082
446.0000	111.154
445.0000	111.183
444.0000	111.242
443.0000	111.304
442.0000	111.415
441.0000	111.553
440.0000	111.509
439.0000	111.405
438.0000	111.35
437.0000	111.323
436.0000	111.342
435.0000	111.353
434.0000	111.408
433.0000	111.537
432.0000	111.573
431.0000	111.671
430.0000	111.554
429.0000	111.613
428.0000	111.644
427.0000	111.771
426.0000	111.822
425.0000	111.876
424.0000	111.873
423.0000	111.882
422.0000	111.819
421.0000	111.836
420.0000	111.809
419.0000	111.834
418.0000	111.825
417.0000	111.775
416.0000	111.711
415.0000	111.792
414.0000	111.778
413.0000	111.851
412.0000	111.795
411.0000	111.715
410.0000	111.846
409.0000	111.821
408.0000	111.704
407.0000	111.756
406.0000	111.666
405.0000	111.592
404.0000	111.522
403.0000	111.517
402.0000	111.6
401.0000	111.607
400.0000	111.626
